0 0.579345703125 0.37948717948717947 0.03173828125 0.04542124542124542
0 0.447509765625 0.3952380952380952 0.02490234375 0.03882783882783883
0 0.390869140625 0.39816849816849814 0.02685546875 0.03736263736263736
0 0.296875 0.4032967032967033 0.03125 0.03882783882783883
0 0.351318359375 0.40293040293040294 0.02783203125 0.04249084249084249
0 0.44873046875 0.47802197802197804 0.0302734375 0.03736263736263736
0 0.350341796875 0.484981684981685 0.02587890625 0.04542124542124542
0 0.73291015625 0.5571428571428572 0.0234375 0.03736263736263736
0 0.6796875 0.5842490842490843 0.0224609375 0.034432234432234435
0 0.599609375 0.5915750915750916 0.0224609375 0.03296703296703297
0 0.5556640625 0.5926739926739927 0.0205078125 0.029304029304029304
0 0.484375 0.6032967032967033 0.0302734375 0.034432234432234435
0 0.432373046875 0.6054945054945055 0.02587890625 0.035897435897435895
0 0.35009765625 0.608058608058608 0.021484375 0.023443223443223443
0 0.307861328125 0.6120879120879121 0.02392578125 0.03296703296703297
0 0.71630859375 0.6128205128205129 0.0205078125 0.034432234432234435
0 0.60009765625 0.6564102564102564 0.0234375 0.041025641025641026
0 0.352294921875 0.6721611721611722 0.02392578125 0.034432234432234435
0 0.484619140625 0.6758241758241759 0.02783203125 0.034432234432234435
0 0.386474609375 0.6897435897435897 0.02880859375 0.034432234432234435
0 0.557861328125 0.7168498168498169 0.02880859375 0.0315018315018315
0 0.426025390625 0.7278388278388278 0.02392578125 0.034432234432234435
0 0.502685546875 0.7461538461538462 0.02392578125 0.03296703296703297
0 0.358154296875 0.7487179487179487 0.02490234375 0.029304029304029304
0 0.541259765625 0.7754578754578755 0.02685546875 0.03736263736263736
0 0.60595703125 0.7908424908424908 0.0205078125 0.034432234432234435
0 0.56103515625 0.7959706959706959 0.0185546875 0.0315018315018315
0 0.482666015625 0.8003663003663004 0.02783203125 0.034432234432234435
0 0.433349609375 0.8047619047619048 0.02587890625 0.034432234432234435
0 0.3486328125 0.8113553113553114 0.01953125 0.0315018315018315
0 0.30517578125 0.815018315018315 0.0205078125 0.03296703296703297
0 0.60888671875 0.8589743589743589 0.0234375 0.0315018315018315
0 0.486572265625 0.8758241758241758 0.02685546875 0.03736263736263736
0 0.350341796875 0.8772893772893773 0.02587890625 0.03296703296703297
0 0.350830078125 0.2304029304029304 0.02490234375 0.034432234432234435
0 0.390869140625 0.23076923076923078 0.02490234375 0.029304029304029304
0 0.447021484375 0.23186813186813188 0.02392578125 0.034432234432234435
0 0.296142578125 0.2326007326007326 0.02685546875 0.035897435897435895
0 0.577880859375 0.2893772893772894 0.02685546875 0.04249084249084249
0 0.51806640625 0.29010989010989013 0.0322265625 0.046886446886446886
0 0.446044921875 0.31245421245421245 0.02392578125 0.03736263736263736
0 0.351318359375 0.31355311355311355 0.02783203125 0.041025641025641026