0 0.47549019607843135 0.5 0.032679738562091505 0.04411764705882353
0 0.7336601307189542 0.5098039215686274 0.02287581699346405 0.04411764705882353
0 0.14460784313725492 0.5294117647058824 0.04411764705882353 0.05392156862745098
0 0.47630718954248363 0.5821078431372549 0.03104575163398693 0.04656862745098039
0 0.7312091503267973 0.5968137254901961 0.027777777777777776 0.03676470588235294
0 0.2295751633986928 0.5992647058823529 0.03431372549019608 0.041666666666666664
0 0.2769607843137255 0.6066176470588235 0.024509803921568627 0.03676470588235294
0 0.8227124183006536 0.616421568627451 0.017973856209150325 0.02696078431372549
0 0.7916666666666666 0.6188725490196079 0.024509803921568627 0.031862745098039214
0 0.5718954248366013 0.6200980392156863 0.029411764705882353 0.03431372549019608
0 0.6119281045751634 0.6225490196078431 0.024509803921568627 0.0392156862745098
0 0.7892156862745098 0.6629901960784313 0.02287581699346405 0.031862745098039214
0 0.2246732026143791 0.6740196078431373 0.024509803921568627 0.0392156862745098
0 0.571078431372549 0.678921568627451 0.027777777777777776 0.03431372549019608