0 0.4959150326797386 0.624390243902439 0.021241830065359478 0.024390243902439025
0 0.4681372549019608 0.6353658536585366 0.024509803921568627 0.026829268292682926
0 0.4820261437908497 0.6560975609756098 0.026143790849673203 0.024390243902439025
0 0.5408496732026143 0.6963414634146341 0.026143790849673203 0.026829268292682926
0 0.5138888888888888 0.7036585365853658 0.021241830065359478 0.026829268292682926
0 0.5269607843137255 0.7317073170731707 0.024509803921568627 0.02926829268292683
0 0.5882352941176471 0.774390243902439 0.0196078431372549 0.02195121951219512
0 0.5604575163398693 0.7865853658536586 0.026143790849673203 0.026829268292682926
0 0.576797385620915 0.8146341463414634 0.026143790849673203 0.02926829268292683
0 0.6119281045751634 0.874390243902439 0.024509803921568627 0.026829268292682926
0 0.6323529411764706 0.9060975609756098 0.029411764705882353 0.036585365853658534
0 0.6699346405228758 0.9695121951219512 0.029411764705882353 0.03170731707317073