0 0.641845703125 0.34285714285714286 0.01611328125 0.026373626373626374
0 0.319580078125 0.4065934065934066 0.06982421875 0.10402930402930403
0 0.12890625 0.4897435897435897 0.017578125 0.0315018315018315
0 0.088134765625 0.521978021978022 0.02587890625 0.035897435897435895
0 0.1484375 0.547985347985348 0.0205078125 0.029304029304029304
0 0.65966796875 0.6106227106227107 0.0244140625 0.03736263736263736
0 0.377685546875 0.6355311355311355 0.06982421875 0.0989010989010989
0 0.69921875 0.6655677655677655 0.021484375 0.03296703296703297
0 0.19140625 0.6750915750915751 0.0205078125 0.035897435897435895
0 0.148193359375 0.7091575091575092 0.02783203125 0.026373626373626374
0 0.662353515625 0.7212454212454212 0.02783203125 0.03736263736263736
0 0.211669921875 0.736996336996337 0.02490234375 0.02783882783882784
0 0.439697265625 0.8575091575091575 0.02392578125 0.034432234432234435
0 0.502197265625 0.9296703296703297 0.02490234375 0.041025641025641026
0 0.4462890625 0.941025641025641 0.0224609375 0.034432234432234435
0 0.4931640625 0.1824175824175824 0.017578125 0.02490842490842491
0 0.43017578125 0.21611721611721613 0.0185546875 0.02197802197802198
0 0.4716796875 0.2468864468864469 0.0185546875 0.029304029304029304
0 0.6748046875 0.26043956043956046 0.01953125 0.034432234432234435
0 0.631591796875 0.2783882783882784 0.01806640625 0.029304029304029304
0 0.47216796875 0.31465201465201464 0.07421875 0.09304029304029304