0 0.822265625 0.37435897435897436 0.048828125 0.06153846153846154
0 0.27490234375 0.40586080586080586 0.0439453125 0.0673992673992674
0 0.5654296875 0.41135531135531134 0.048828125 0.073992673992674
0 0.349609375 0.44358974358974357 0.0478515625 0.07545787545787545
0 0.728271484375 0.5098901098901099 0.04541015625 0.063003663003663
0 0.43603515625 0.5274725274725275 0.0576171875 0.06446886446886448
0 0.606201171875 0.5692307692307692 0.03955078125 0.063003663003663
0 0.2900390625 0.573992673992674 0.048828125 0.09304029304029304
0 0.688720703125 0.6307692307692307 0.04248046875 0.063003663003663
0 0.831787109375 0.6732600732600733 0.04443359375 0.06153846153846154
0 0.730712890625 0.6772893772893773 0.04248046875 0.05934065934065934
0 0.55908203125 0.6879120879120879 0.046875 0.06886446886446887
0 0.44970703125 0.6926739926739927 0.048828125 0.07545787545787545
0 0.267333984375 0.7098901098901099 0.04150390625 0.063003663003663
0 0.173583984375 0.7142857142857143 0.04052734375 0.06153846153846154
0 0.833984375 0.8227106227106227 0.046875 0.06446886446886448
0 0.269775390625 0.8564102564102564 0.04150390625 0.06446886446886448
0 0.56396484375 0.8564102564102564 0.0478515625 0.06446886446886448
0 0.988037109375 0.21684981684981686 0.02392578125 0.06153846153846154
0 0.818359375 0.22893772893772893 0.0498046875 0.05934065934065934
0 0.723388671875 0.23553113553113553 0.04248046875 0.05934065934065934
0 0.56494140625 0.2490842490842491 0.0498046875 0.06593406593406594
0 0.45361328125 0.2549450549450549 0.0439453125 0.07032967032967033
0 0.175537109375 0.263003663003663 0.04248046875 0.063003663003663
0 0.272705078125 0.2652014652014652 0.03955078125 0.06593406593406594