0 0.53955078125 0.3311355311355311 0.0341796875 0.041025641025641026
0 0.9326171875 0.389010989010989 0.0361328125 0.04542124542124542
0 0.8681640625 0.4197802197802198 0.03515625 0.04395604395604396
0 0.03564453125 0.5157509157509158 0.0439453125 0.04981684981684982
0 0.533203125 0.5941391941391941 0.0361328125 0.04249084249084249
0 0.61328125 0.6772893772893773 0.033203125 0.03736263736263736
0 0.5361328125 0.6783882783882784 0.0322265625 0.041025641025641026
0 0.08642578125 0.6813186813186813 0.05859375 0.063003663003663
0 0.172119140625 0.7619047619047619 0.05322265625 0.06593406593406594
0 0.093994140625 0.8681318681318682 0.06494140625 0.063003663003663
0 0.53662109375 0.19853479853479852 0.033203125 0.04395604395604396
0 0.58642578125 0.26373626373626374 0.0361328125 0.04249084249084249
0 0.89599609375 0.3076923076923077 0.0341796875 0.041025641025641026