0 0.87353515625 0.6158854166666666 0.033203125 0.03125
0 0.80126953125 0.6276041666666666 0.0390625 0.033854166666666664
0 0.84375 0.6901041666666666 0.041015625 0.03125
0 0.64453125 0.8115234375 0.01171875 0.011067708333333334
0 0.617919921875 0.8125 0.01416015625 0.013020833333333334
0 0.62353515625 0.8385416666666666 0.01171875 0.013020833333333334
0 0.609375 0.4700520833333333 0.01171875 0.010416666666666666
0 0.58984375 0.4755859375 0.009765625 0.012369791666666666
0 0.5927734375 0.4986979166666667 0.009765625 0.013020833333333334
0 0.34375 0.5071614583333334 0.009765625 0.013020833333333334
0 0.32421875 0.509765625 0.0087890625 0.010416666666666666