0 0.7091503267973857 0.4224137931034483 0.016339869281045753 0.022167487684729065
0 0.7328431372549019 0.4248768472906404 0.014705882352941176 0.022167487684729065
0 0.3341503267973856 0.4408866995073892 0.03104575163398693 0.04926108374384237
0 0.6870915032679739 0.04433497536945813 0.011437908496732025 0.019704433497536946
0 0.7075163398692811 0.04433497536945813 0.013071895424836602 0.019704433497536946
0 0.3880718954248366 0.4445812807881773 0.03104575163398693 0.046798029556650245
0 0.7083333333333334 0.45689655172413796 0.014705882352941176 0.022167487684729065
0 0.3300653594771242 0.5246305418719212 0.032679738562091505 0.04926108374384237
0 0.6895424836601307 0.07881773399014778 0.013071895424836602 0.019704433497536946
0 0.8480392156862745 0.17733990147783252 0.013071895424836602 0.014778325123152709
0 0.8251633986928104 0.19704433497536947 0.00980392156862745 0.014778325123152709