0 0.08912037037037036 0.06510416666666667 0.016203703703703703 0.021875
0 0.11959876543209877 0.065625 0.015432098765432098 0.020833333333333332
0 0.08680555555555555 0.10677083333333333 0.016203703703703703 0.019791666666666666
0 0.22800925925925927 0.0640625 0.017746913580246913 0.019791666666666666
0 0.26003086419753085 0.06197916666666667 0.015432098765432098 0.017708333333333333
0 0.22762345679012347 0.10572916666666667 0.016975308641975308 0.021875
0 0.3680555555555556 0.05677083333333333 0.016975308641975308 0.021875
0 0.40007716049382713 0.05625 0.014660493827160493 0.01875
0 0.36921296296296297 0.10104166666666667 0.017746913580246913 0.020833333333333332
0 0.4996141975308642 0.06614583333333333 0.016203703703703703 0.021875
0 0.53125 0.06875 0.016203703703703703 0.022916666666666665
0 0.4984567901234568 0.10885416666666667 0.015432098765432098 0.019791666666666666
0 0.6423611111111112 0.053125 0.016203703703703703 0.022916666666666665
0 0.6423611111111112 0.09427083333333333 0.016203703703703703 0.019791666666666666
0 0.6732253086419753 0.05416666666666667 0.016203703703703703 0.022916666666666665
0 0.08719135802469136 0.15572916666666667 0.016975308641975308 0.021875
0 0.11805555555555555 0.15625 0.016975308641975308 0.022916666666666665
0 0.08487654320987655 0.19895833333333332 0.016975308641975308 0.020833333333333332
0 0.22800925925925927 0.15677083333333333 0.019290123456790122 0.026041666666666668
0 0.2604166666666667 0.15572916666666667 0.016203703703703703 0.021875
0 0.22762345679012347 0.19947916666666668 0.016975308641975308 0.021875
0 0.37037037037037035 0.153125 0.018518518518518517 0.020833333333333332
0 0.40239197530864196 0.15364583333333334 0.017746913580246913 0.021875
0 0.3699845679012346 0.1953125 0.019290123456790122 0.021875
0 0.4992283950617284 0.16927083333333334 0.018518518518518517 0.023958333333333335
0 0.5316358024691358 0.16875 0.016975308641975308 0.022916666666666665
0 0.4992283950617284 0.2109375 0.015432098765432098 0.019791666666666666
0 0.6427469135802469 0.14427083333333332 0.015432098765432098 0.021875
0 0.6743827160493827 0.146875 0.018518518518518517 0.022916666666666665
0 0.6419753086419753 0.18854166666666666 0.015432098765432098 0.020833333333333332
0 0.08487654320987655 0.2484375 0.016975308641975308 0.023958333333333335
0 0.08333333333333333 0.28958333333333336 0.015432098765432098 0.022916666666666665
0 0.11612654320987655 0.24895833333333334 0.016203703703703703 0.022916666666666665
0 0.22530864197530864 0.25052083333333336 0.016975308641975308 0.023958333333333335
0 0.25771604938271603 0.2526041666666667 0.016975308641975308 0.023958333333333335
0 0.22337962962962962 0.29322916666666665 0.017746913580246913 0.021875
0 0.36882716049382713 0.24583333333333332 0.016975308641975308 0.020833333333333332
0 0.4012345679012346 0.24635416666666668 0.016975308641975308 0.021875
0 0.36651234567901236 0.28854166666666664 0.016975308641975308 0.022916666666666665
0 0.4992283950617284 0.26197916666666665 0.015432098765432098 0.019791666666666666
0 0.4992283950617284 0.30625 0.016975308641975308 0.020833333333333332
0 0.5316358024691358 0.2635416666666667 0.015432098765432098 0.022916666666666665
0 0.6446759259259259 0.23854166666666668 0.017746913580246913 0.022916666666666665
0 0.6751543209876543 0.240625 0.020061728395061727 0.022916666666666665
0 0.6427469135802469 0.28072916666666664 0.016975308641975308 0.021875
0 0.08063271604938271 0.33958333333333335 0.016203703703703703 0.020833333333333332
0 0.11226851851851852 0.340625 0.014660493827160493 0.01875
0 0.07908950617283951 0.3828125 0.016203703703703703 0.021875
0 0.22376543209876543 0.3572916666666667 0.015432098765432098 0.020833333333333332
0 0.25655864197530864 0.3572916666666667 0.014660493827160493 0.020833333333333332
0 0.22376543209876543 0.4015625 0.016975308641975308 0.023958333333333335
0 0.36651234567901236 0.33958333333333335 0.020061728395061727 0.022916666666666665
0 0.39969135802469136 0.34010416666666665 0.015432098765432098 0.023958333333333335
0 0.36651234567901236 0.3848958333333333 0.018518518518518517 0.021875
0 0.498070987654321 0.35572916666666665 0.016203703703703703 0.019791666666666666
0 0.5308641975308642 0.3541666666666667 0.015432098765432098 0.01875
0 0.4972993827160494 0.39739583333333334 0.017746913580246913 0.019791666666666666
0 0.6439043209876543 0.3333333333333333 0.014660493827160493 0.022916666666666665
0 0.6739969135802469 0.3338541666666667 0.017746913580246913 0.023958333333333335
0 0.6423611111111112 0.3765625 0.016203703703703703 0.021875
0 0.6423611111111112 0.3765625 0.016203703703703703 0.021875
0 0.08217592592592593 0.43385416666666665 0.016203703703703703 0.023958333333333335
0 0.11304012345679013 0.43385416666666665 0.016203703703703703 0.021875
0 0.08179012345679013 0.47708333333333336 0.016975308641975308 0.025
0 0.22376543209876543 0.44635416666666666 0.020061728395061727 0.023958333333333335
0 0.25578703703703703 0.4484375 0.017746913580246913 0.023958333333333335
0 0.2222222222222222 0.49166666666666664 0.016975308641975308 0.022916666666666665
0 0.36651234567901236 0.43854166666666666 0.016975308641975308 0.025
0 0.3993055555555556 0.4375 0.016203703703703703 0.022916666666666665
0 0.36766975308641975 0.4817708333333333 0.016203703703703703 0.023958333333333335
0 0.5003858024691358 0.4453125 0.016203703703703703 0.021875
0 0.53125 0.4453125 0.017746913580246913 0.021875
0 0.4988425925925926 0.4890625 0.016203703703703703 0.019791666666666666
0 0.6450617283950617 0.425 0.016975308641975308 0.022916666666666665
0 0.6755401234567902 0.425 0.016203703703703703 0.025
0 0.6431327160493827 0.46979166666666666 0.016203703703703703 0.020833333333333332
0 0.0798611111111111 0.5328125 0.014660493827160493 0.021875
0 0.11072530864197531 0.5328125 0.016203703703703703 0.019791666666666666
0 0.0798611111111111 0.5760416666666667 0.014660493827160493 0.020833333333333332
0 0.22299382716049382 0.5453125 0.015432098765432098 0.021875
0 0.25578703703703703 0.5453125 0.016203703703703703 0.021875
0 0.22260802469135801 0.5885416666666666 0.016203703703703703 0.022916666666666665
0 0.35378086419753085 0.5291666666666667 0.017746913580246913 0.022916666666666665
0 0.3881172839506173 0.528125 0.016975308641975308 0.020833333333333332
0 0.3541666666666667 0.5723958333333333 0.016975308641975308 0.021875
0 0.4984567901234568 0.5390625 0.015432098765432098 0.019791666666666666
0 0.5316358024691358 0.5401041666666667 0.016975308641975308 0.019791666666666666
0 0.498070987654321 0.5833333333333334 0.016203703703703703 0.01875
0 0.6446759259259259 0.5244791666666667 0.014660493827160493 0.021875
0 0.6770833333333334 0.5239583333333333 0.016203703703703703 0.020833333333333332
0 0.6439043209876543 0.5682291666666667 0.014660493827160493 0.021875
0 0.0783179012345679 0.6265625 0.017746913580246913 0.019791666666666666
0 0.1091820987654321 0.628125 0.017746913580246913 0.022916666666666665
0 0.0779320987654321 0.6708333333333333 0.015432098765432098 0.020833333333333332
0 0.22106481481481483 0.6369791666666667 0.014660493827160493 0.021875
0 0.25385802469135804 0.6369791666666667 0.015432098765432098 0.021875
0 0.22106481481481483 0.6796875 0.016203703703703703 0.021875
0 0.35223765432098764 0.6239583333333333 0.016203703703703703 0.020833333333333332
0 0.38580246913580246 0.6229166666666667 0.016975308641975308 0.022916666666666665
0 0.35300925925925924 0.66875 0.016203703703703703 0.020833333333333332
0 0.4976851851851852 0.6375 0.015432098765432098 0.020833333333333332
0 0.5308641975308642 0.6364583333333333 0.015432098765432098 0.022916666666666665
0 0.498070987654321 0.6817708333333333 0.016203703703703703 0.021875
0 0.6439043209876543 0.6177083333333333 0.016203703703703703 0.022916666666666665
0 0.6751543209876543 0.6171875 0.013888888888888888 0.019791666666666666
0 0.6435185185185185 0.6619791666666667 0.015432098765432098 0.019791666666666666
0 0.0798611111111111 0.7203125 0.016203703703703703 0.019791666666666666
0 0.11072530864197531 0.7213541666666666 0.016203703703703703 0.019791666666666666
0 0.08101851851851852 0.7635416666666667 0.015432098765432098 0.020833333333333332
0 0.22530864197530864 0.7307291666666667 0.016975308641975308 0.021875
0 0.2569444444444444 0.7307291666666667 0.015432098765432098 0.019791666666666666
0 0.22646604938271606 0.7739583333333333 0.016203703703703703 0.020833333333333332
0 0.35300925925925924 0.7203125 0.016203703703703703 0.019791666666666666
0 0.3861882716049383 0.7203125 0.016203703703703703 0.019791666666666666
0 0.3541666666666667 0.7635416666666667 0.018518518518518517 0.022916666666666665
0 0.4988425925925926 0.7291666666666666 0.016203703703703703 0.022916666666666665
0 0.5308641975308642 0.728125 0.015432098765432098 0.020833333333333332
0 0.4988425925925926 0.771875 0.014660493827160493 0.022916666666666665
0 0.6431327160493827 0.715625 0.016203703703703703 0.022916666666666665
0 0.6739969135802469 0.7151041666666667 0.016203703703703703 0.023958333333333335
0 0.6415895061728395 0.7572916666666667 0.016203703703703703 0.01875
0 0.08680555555555555 0.809375 0.014660493827160493 0.020833333333333332
0 0.11766975308641975 0.809375 0.016203703703703703 0.022916666666666665
0 0.08719135802469136 0.8520833333333333 0.015432098765432098 0.022916666666666665
0 0.22608024691358025 0.8270833333333333 0.016975308641975308 0.025
0 0.25771604938271603 0.8265625 0.016975308641975308 0.023958333333333335
0 0.22608024691358025 0.8661458333333333 0.018518518518518517 0.021875
0 0.3533950617283951 0.8177083333333334 0.018518518518518517 0.020833333333333332
0 0.38580246913580246 0.8171875 0.016975308641975308 0.023958333333333335
0 0.3533950617283951 0.8598958333333333 0.015432098765432098 0.019791666666666666
0 0.4996141975308642 0.8197916666666667 0.017746913580246913 0.022916666666666665
0 0.5316358024691358 0.81875 0.016975308641975308 0.022916666666666665
0 0.4992283950617284 0.8619791666666666 0.018518518518518517 0.026041666666666668
0 0.6450617283950617 0.8104166666666667 0.013888888888888888 0.01875
0 0.6766975308641975 0.809375 0.015432098765432098 0.020833333333333332
0 0.6427469135802469 0.8515625 0.016975308641975308 0.021875
0 0.08603395061728394 0.9057291666666667 0.016203703703703703 0.021875
0 0.08680555555555555 0.9484375 0.016203703703703703 0.019791666666666666
0 0.11805555555555555 0.9078125 0.015432098765432098 0.017708333333333333
0 0.22723765432098766 0.9140625 0.017746913580246913 0.021875
0 0.22839506172839505 0.9557291666666666 0.016975308641975308 0.021875
0 0.25925925925925924 0.9151041666666667 0.015432098765432098 0.023958333333333335
0 0.3549382716049383 0.9125 0.015432098765432098 0.020833333333333332
0 0.3869598765432099 0.9119791666666667 0.016203703703703703 0.019791666666666666
0 0.35532407407407407 0.9536458333333333 0.016203703703703703 0.019791666666666666
0 0.4976851851851852 0.9119791666666667 0.016975308641975308 0.017708333333333333
0 0.5304783950617284 0.9104166666666667 0.014660493827160493 0.020833333333333332
0 0.4988425925925926 0.9546875 0.014660493827160493 0.017708333333333333
0 0.6404320987654321 0.9119791666666667 0.012345679012345678 0.017708333333333333
0 0.6712962962962963 0.909375 0.015432098765432098 0.022916666666666665
0 0.6392746913580247 0.9536458333333333 0.014660493827160493 0.017708333333333333