0 0.874267578125 0.37216117216117217 0.02783203125 0.041025641025641026
0 0.288818359375 0.3838827838827839 0.02490234375 0.029304029304029304
0 0.64501953125 0.38644688644688646 0.0224609375 0.034432234432234435
0 0.1298828125 0.3882783882783883 0.01953125 0.02783882783882784
0 0.820068359375 0.40073260073260075 0.02685546875 0.041025641025641026
0 0.28955078125 0.44542124542124545 0.0224609375 0.029304029304029304
0 0.63623046875 0.4461538461538462 0.021484375 0.02783882783882784
0 0.238525390625 0.4501831501831502 0.02392578125 0.0315018315018315
0 0.12939453125 0.4531135531135531 0.0224609375 0.0315018315018315
0 0.078369140625 0.4564102564102564 0.02880859375 0.026373626373626374
0 0.681640625 0.46483516483516485 0.0244140625 0.03296703296703297
0 0.455322265625 0.5897435897435898 0.07861328125 0.10402930402930403
0 0.287109375 0.6798534798534799 0.0732421875 0.08791208791208792
0 0.6064453125 0.7534798534798535 0.0234375 0.03882783882783883
0 0.58837890625 0.8164835164835165 0.0244140625 0.034432234432234435
0 0.5341796875 0.8175824175824176 0.076171875 0.10695970695970695
0 0.637939453125 0.8501831501831502 0.02685546875 0.035897435897435895
0 0.230224609375 0.21135531135531135 0.02587890625 0.0315018315018315
0 0.282958984375 0.23333333333333334 0.02587890625 0.0315018315018315
0 0.83642578125 0.2967032967032967 0.0244140625 0.041025641025641026
0 0.266845703125 0.3029304029304029 0.02587890625 0.0315018315018315