0 0.635498046875 0.32783882783882784 0.03076171875 0.03882783882783883
0 0.564453125 0.33406593406593404 0.0341796875 0.046886446886446886
0 0.641845703125 0.42124542124542125 0.03076171875 0.046886446886446886
0 0.455810546875 0.5952380952380952 0.02685546875 0.03736263736263736
0 0.380126953125 0.6084249084249084 0.02490234375 0.035897435897435895
0 0.421630859375 0.6538461538461539 0.02587890625 0.034432234432234435
0 0.638671875 0.8644688644688645 0.0244140625 0.041025641025641026
0 0.719482421875 0.8747252747252747 0.02978515625 0.04249084249084249
0 0.678466796875 0.9282051282051282 0.02978515625 0.04395604395604396
0 0.655517578125 0.9769230769230769 0.07080078125 0.046153846153846156
0 0.455322265625 0.9776556776556776 0.06982421875 0.04468864468864469