0 0.506591796875 0.32161172161172163 0.01416015625 0.02490842490842491
0 0.283203125 0.36336996336996336 0.0185546875 0.026373626373626374
0 0.24609375 0.37142857142857144 0.0166015625 0.029304029304029304
0 0.788330078125 0.39853479853479856 0.04541015625 0.0673992673992674
0 0.2900390625 0.42234432234432234 0.021484375 0.03296703296703297
0 0.67041015625 0.532967032967033 0.0478515625 0.073992673992674
0 0.782470703125 0.554945054945055 0.05322265625 0.07985347985347985
0 0.52490234375 0.5721611721611721 0.0224609375 0.029304029304029304
0 0.47509765625 0.5864468864468865 0.01953125 0.03296703296703297
0 0.50732421875 0.6128205128205129 0.0224609375 0.0315018315018315
0 0.439697265625 0.863003663003663 0.02783203125 0.04395604395604396
0 0.310302734375 0.8641025641025641 0.02392578125 0.035897435897435895
0 0.260498046875 0.8882783882783882 0.02587890625 0.03882783882783883
0 0.387451171875 0.8901098901098901 0.02685546875 0.041025641025641026
0 0.2216796875 0.9036630036630037 0.021484375 0.035897435897435895
0 0.173095703125 0.9285714285714286 0.02490234375 0.03736263736263736
0 0.322509765625 0.9384615384615385 0.02490234375 0.04249084249084249
0 0.457275390625 0.9428571428571428 0.02783203125 0.04249084249084249
0 0.236572265625 0.9805860805860805 0.02587890625 0.03882783882783883
0 0.4765625 0.25860805860805863 0.0185546875 0.02197802197802198
0 0.5126953125 0.27106227106227104 0.0166015625 0.02783882783882784