0 0.553466796875 0.3556776556776557 0.07080078125 0.09597069597069598
0 0.70166015625 0.46593406593406594 0.0205078125 0.026373626373626374
0 0.426025390625 0.48754578754578753 0.06982421875 0.09743589743589744
0 0.69287109375 0.5311355311355311 0.01953125 0.029304029304029304
0 0.6474609375 0.541025641025641 0.0615234375 0.09304029304029304
0 0.73779296875 0.5432234432234432 0.0205078125 0.034432234432234435
0 0.29931640625 0.6223443223443224 0.01953125 0.034432234432234435
0 0.25 0.6457875457875458 0.01953125 0.034432234432234435
0 0.26416015625 0.7197802197802198 0.0205078125 0.03736263736263736
0 0.709228515625 0.7589743589743589 0.01806640625 0.02783882783882784
0 0.668212890625 0.7882783882783883 0.01806640625 0.029304029304029304
0 0.72900390625 0.8194139194139194 0.0205078125 0.034432234432234435
0 0.4384765625 0.08241758241758242 0.017578125 0.0315018315018315
0 0.497802734375 0.8706959706959707 0.02490234375 0.03296703296703297
0 0.42529296875 0.9 0.0224609375 0.03736263736263736
0 0.4716796875 0.9395604395604396 0.0224609375 0.034432234432234435
0 0.46484375 0.12857142857142856 0.01953125 0.03296703296703297
0 0.43359375 0.1684981684981685 0.0185546875 0.02783882783882784
0 0.3349609375 0.20659340659340658 0.01953125 0.02783882783882784
0 0.364013671875 0.2512820512820513 0.02392578125 0.029304029304029304
0 0.330078125 0.2923076923076923 0.017578125 0.029304029304029304