0 0.150634765625 0.3641025641025641 0.07958984375 0.06886446886446887
0 0.376953125 0.38754578754578756 0.0751953125 0.0673992673992674
0 0.251953125 0.49157509157509155 0.0888671875 0.08644688644688645
0 0.559326171875 0.5304029304029304 0.08056640625 0.08205128205128205
0 0.113525390625 0.5974358974358974 0.09326171875 0.07692307692307693
0 0.689453125 0.6673992673992674 0.076171875 0.08498168498168499
0 0.543701171875 0.7912087912087912 0.09716796875 0.08937728937728938
0 0.335205078125 0.11172161172161173 0.06982421875 0.07252747252747253
0 0.2392578125 0.017948717948717947 0.068359375 0.035897435897435895
0 0.20458984375 0.19304029304029305 0.076171875 0.073992673992674
0 0.4052734375 0.19413919413919414 0.0712890625 0.06593406593406594
0 0.06787109375 0.2904761904761905 0.07421875 0.07545787545787545
0 0.507568359375 0.30256410256410254 0.06494140625 0.06593406593406594