0 0.513916015625 0.33992673992673994 0.05224609375 0.06153846153846154
0 0.377197265625 0.3710622710622711 0.05615234375 0.05934065934065934
0 0.59521484375 0.39304029304029303 0.05078125 0.05347985347985348
0 0.220947265625 0.3963369963369963 0.05517578125 0.04835164835164835
0 0.305419921875 0.4582417582417582 0.05029296875 0.054945054945054944
0 0.53076171875 0.47326007326007324 0.0576171875 0.046886446886446886
0 0.3779296875 0.4926739926739927 0.0478515625 0.05347985347985348
0 0.679931640625 0.5307692307692308 0.05615234375 0.05934065934065934
0 0.230712890625 0.5388278388278388 0.05029296875 0.05201465201465202
0 0.470458984375 0.5615384615384615 0.05615234375 0.05787545787545788
0 0.789306640625 0.5978021978021978 0.05615234375 0.063003663003663
0 0.393798828125 0.6527472527472528 0.06689453125 0.06446886446886448
0 0.720947265625 0.7040293040293041 0.06689453125 0.06886446886446887
0 0.366943359375 0.2512820512820513 0.05517578125 0.04835164835164835
0 0.448974609375 0.30146520146520145 0.05322265625 0.05347985347985348