0 0.4091796875 0.32161172161172163 0.03515625 0.046886446886446886
0 0.48046875 0.32161172161172163 0.0302734375 0.046886446886446886
0 0.359130859375 0.33076923076923076 0.02880859375 0.03882783882783883
0 0.290771484375 0.3326007326007326 0.02685546875 0.04395604395604396
0 0.480224609375 0.42857142857142855 0.02880859375 0.04835164835164835
0 0.359619140625 0.4336996336996337 0.02587890625 0.041025641025641026
0 0.831787109375 0.5205128205128206 0.02587890625 0.03882783882783883
0 0.764404296875 0.552014652014652 0.02587890625 0.03882783882783883
0 0.666748046875 0.563003663003663 0.02783203125 0.035897435897435895
0 0.612548828125 0.5666666666666667 0.02880859375 0.03736263736263736
0 0.524169921875 0.5761904761904761 0.02880859375 0.03736263736263736
0 0.46142578125 0.5820512820512821 0.0302734375 0.03882783882783883
0 0.81005859375 0.5882783882783883 0.0244140625 0.041025641025641026
0 0.361083984375 0.5893772893772894 0.02490234375 0.035897435897435895
0 0.30615234375 0.5915750915750916 0.0224609375 0.03882783882783883
0 0.668212890625 0.6435897435897436 0.02685546875 0.035897435897435895
0 0.361328125 0.6692307692307692 0.021484375 0.03736263736263736
0 0.526123046875 0.6688644688644688 0.02587890625 0.046886446886446886
0 0.40234375 0.689010989010989 0.0302734375 0.03882783882783883
0 0.61767578125 0.721978021978022 0.0244140625 0.035897435897435895
0 0.453857421875 0.7377289377289378 0.02880859375 0.04249084249084249
0 0.55078125 0.7586080586080586 0.0302734375 0.035897435897435895
0 0.373291015625 0.7633699633699633 0.02783203125 0.041025641025641026
0 0.5966796875 0.7901098901098901 0.0244140625 0.035897435897435895
0 0.677490234375 0.8124542124542125 0.02587890625 0.041025641025641026
0 0.623046875 0.8172161172161172 0.0224609375 0.035897435897435895
0 0.525146484375 0.8274725274725274 0.02685546875 0.03736263736263736
0 0.463623046875 0.8282051282051283 0.02783203125 0.03882783882783883
0 0.363037109375 0.8421245421245421 0.02392578125 0.03882783882783883
0 0.309326171875 0.845054945054945 0.02587890625 0.035897435897435895
0 0.680419921875 0.8948717948717949 0.02783203125 0.03736263736263736
0 0.528564453125 0.9186813186813186 0.02685546875 0.04395604395604396
0 0.363037109375 0.9227106227106228 0.02587890625 0.03882783882783883
0 0.355712890625 0.11575091575091576 0.02880859375 0.04542124542124542
0 0.2880859375 0.11794871794871795 0.0322265625 0.04981684981684982
0 0.47412109375 0.11794871794871795 0.0361328125 0.04395604395604396
0 0.40625 0.11868131868131868 0.03125 0.04249084249084249
0 0.566650390625 0.18864468864468864 0.02587890625 0.05201465201465202
0 0.640380859375 0.19047619047619047 0.02978515625 0.046886446886446886
0 0.4736328125 0.21831501831501832 0.03125 0.04542124542124542
0 0.354736328125 0.21978021978021978 0.02685546875 0.04835164835164835
0 0.641357421875 0.29926739926739926 0.03173828125 0.05201465201465202