0 0.990234375 0.32967032967032966 0.0185546875 0.063003663003663
0 0.397705078125 0.3952380952380952 0.04052734375 0.05201465201465202
0 0.64208984375 0.4413919413919414 0.0380859375 0.03882783882783883
0 0.321533203125 0.44468864468864466 0.04248046875 0.046886446886446886
0 0.743896484375 0.45274725274725275 0.02880859375 0.041025641025641026
0 0.437744140625 0.47985347985347987 0.03857421875 0.046886446886446886
0 0.68896484375 0.5073260073260073 0.033203125 0.035897435897435895
0 0.55810546875 0.6879120879120879 0.0341796875 0.046886446886446886
0 0.55810546875 0.7838827838827839 0.0322265625 0.04981684981684982
0 0.637451171875 0.7853479853479853 0.03173828125 0.04249084249084249
0 0.930908203125 0.126007326007326 0.04248046875 0.063003663003663