0 0.08834876543209877 0.05677083333333333 0.013117283950617283 0.017708333333333333
0 0.11033950617283951 0.05625 0.010802469135802469 0.016666666666666666
0 0.08873456790123457 0.08645833333333333 0.012345679012345678 0.014583333333333334
0 0.08526234567901235 0.1265625 0.013117283950617283 0.019791666666666666
0 0.10686728395061729 0.1265625 0.011574074074074073 0.017708333333333333
0 0.08410493827160494 0.15520833333333334 0.012345679012345678 0.014583333333333334
0 0.08603395061728394 0.19479166666666667 0.010030864197530864 0.016666666666666666
0 0.10725308641975309 0.19479166666666667 0.012345679012345678 0.014583333333333334
0 0.08449074074074074 0.2234375 0.013117283950617283 0.015625
0 0.08564814814814815 0.26979166666666665 0.013888888888888888 0.01875
0 0.10725308641975309 0.26875 0.010802469135802469 0.01875
0 0.08449074074074074 0.29791666666666666 0.011574074074074073 0.0125
0 0.08410493827160494 0.34322916666666664 0.012345679012345678 0.015625
0 0.10609567901234568 0.34322916666666664 0.013117283950617283 0.015625
0 0.08294753086419752 0.37395833333333334 0.011574074074074073 0.014583333333333334
0 0.08757716049382716 0.4161458333333333 0.011574074074074073 0.015625
0 0.1087962962962963 0.4161458333333333 0.010802469135802469 0.015625
0 0.08719135802469136 0.44479166666666664 0.013888888888888888 0.016666666666666666
0 0.08603395061728394 0.4869791666666667 0.011574074074074073 0.015625
0 0.10725308641975309 0.4875 0.012345679012345678 0.014583333333333334
0 0.08526234567901235 0.5166666666666667 0.011574074074074073 0.014583333333333334
0 0.08526234567901235 0.5598958333333334 0.011574074074074073 0.015625
0 0.10648148148148148 0.5598958333333334 0.012345679012345678 0.017708333333333333
0 0.08487654320987655 0.5880208333333333 0.012345679012345678 0.015625
0 0.08371913580246913 0.6307291666666667 0.010030864197530864 0.015625
0 0.10455246913580248 0.63125 0.013117283950617283 0.016666666666666666
0 0.08333333333333333 0.6604166666666667 0.010802469135802469 0.016666666666666666
0 0.08410493827160494 0.7041666666666667 0.012345679012345678 0.016666666666666666
0 0.10570987654320987 0.7041666666666667 0.013888888888888888 0.014583333333333334
0 0.08410493827160494 0.73125 0.010802469135802469 0.014583333333333334
0 0.08256172839506173 0.7744791666666667 0.013888888888888888 0.017708333333333333
0 0.10493827160493827 0.7755208333333333 0.009259259259259259 0.015625
0 0.08371913580246913 0.8046875 0.011574074074074073 0.013541666666666667
0 0.08101851851851852 0.8442708333333333 0.010802469135802469 0.017708333333333333
0 0.10223765432098765 0.8458333333333333 0.011574074074074073 0.01875
0 0.08217592592592593 0.8744791666666667 0.011574074074074073 0.015625
0 0.08449074074074074 0.9072916666666667 0.011574074074074073 0.014583333333333334
0 0.10648148148148148 0.909375 0.010802469135802469 0.016666666666666666
0 0.08641975308641975 0.9359375 0.012345679012345678 0.015625