0 0.750244140625 0.3274725274725275 0.06884765625 0.1054945054945055
0 0.926513671875 0.32783882783882784 0.06787109375 0.0989010989010989
0 0.541748046875 0.38644688644688646 0.06591796875 0.10036630036630037
0 0.268798828125 0.389010989010989 0.06689453125 0.11135531135531136
0 0.9267578125 0.5838827838827839 0.0751953125 0.10402930402930403
0 0.550537109375 0.6249084249084249 0.06884765625 0.10695970695970695
0 0.386962890625 0.626007326007326 0.06787109375 0.0989010989010989
0 0.271484375 0.6413919413919414 0.060546875 0.0989010989010989
0 0.11328125 0.6413919413919414 0.0615234375 0.09304029304029304
0 0.548095703125 0.8706959706959707 0.06787109375 0.11501831501831501
0 0.269775390625 0.882051282051282 0.06689453125 0.10402930402930403
0 0.269287109375 0.14908424908424908 0.06591796875 0.09597069597069598
0 0.109619140625 0.15054945054945054 0.06689453125 0.09304029304029304
0 0.542724609375 0.1534798534798535 0.06787109375 0.09743589743589744
0 0.38427734375 0.15531135531135531 0.0625 0.10256410256410256