0 0.775634765625 0.3311355311355311 0.01806640625 0.02490842490842491
0 0.73974609375 0.3443223443223443 0.0205078125 0.023443223443223443
0 0.908447265625 0.7835164835164835 0.06689453125 0.09304029304029304
0 0.20654296875 0.7853479853479853 0.0205078125 0.029304029304029304
0 0.16064453125 0.8282051282051283 0.021484375 0.035897435897435895
0 0.77490234375 0.8476190476190476 0.0654296875 0.08791208791208792
0 0.192138671875 0.8912087912087913 0.02392578125 0.03296703296703297
0 0.974853515625 0.9714285714285714 0.05029296875 0.05567765567765568
0 0.867919921875 0.23956043956043957 0.01513671875 0.02783882783882784
0 0.760498046875 0.27985347985347986 0.01318359375 0.023443223443223443
0 0.886474609375 0.2923076923076923 0.01513671875 0.023443223443223443
0 0.850830078125 0.304029304029304 0.01708984375 0.02490842490842491